============================================================
Voxel (0,0,0) - Pełne Dane
============================================================

Liczba punktów: 3,302
Liczba trójek: 3,302
Liczba wartości: 3,302

Wszystkie wartości 3-cyfrowe (przykładowe, pierwsze 100):
------------------------------------------------------------
000 000 000 000 000 000 000 000 000 000 000 000 000 000 000 000 000 000 000 000 
000 000 000 000 000 000 000 000 000 000 000 000 000 000 000 000 000 000 000 000 
000 000 000 000 000 000 000 000 000 000 000 000 000 000 000 000 000 000 000 000 
000 000 000 000 000 000 000 000 000 000 000 000 000 000 000 000 000 000 000 000 
000 000 000 000 000 000 000 000 000 000 000 000 000 000 000 000 000 000 000 000 


... i 3,202 więcej wartości

Pozycje w ciągu π (przykładowe, pierwsze 100):
------------------------------------------------------------
200 1,418 4,463 5,845 7,466 7,586 8,095 8,609 8,726 9,663 
10,538 10,789 10,856 11,790 13,029 13,204 14,279 17,072 18,312 18,494 
19,087 20,392 21,152 22,062 25,512 26,307 26,988 27,199 28,188 28,257 
29,819 29,840 30,401 32,390 33,251 34,104 34,634 37,156 39,738 39,768 
39,869 39,876 40,845 41,606 42,525 43,109 43,547 43,552 44,004 45,813 
46,232 46,865 47,899 48,183 48,422 49,442 50,617 51,084 53,389 56,106 
57,309 57,646 59,664 60,099 61,002 62,025 62,051 62,714 64,472 66,323 
66,868 67,459 68,081 68,675 69,985 70,176 70,353 71,017 71,233 71,762 
75,115 76,321 77,387 78,056 78,633 79,341 81,870 82,143 82,299 82,791 
84,841 87,964 89,802 90,994 91,075 91,830 92,225 92,405 92,980 93,909 


... i 3,202 więcej pozycji

Macierz 3D: 2×2×2
Wymiary: [2, 2, 2, 3]
Status: Macierz 3D utworzona
